    1979       1      60      12     303     222   13285       9     152    1552     476      72    3191   18545    1675    5929    5989     906
    1979       2      39      17     164     197   16335       6     341    2132    1051      65    4071   38816    4435    9409    9213    1469
    1979       3      90      12     249     129   12005      11     200    1053     421      97    1924   37530    1772   15676   16102     724
    1979       4     130      13     241     124    8648       9     117     782     272      59    1226   29531    1115    7174    8160     650
    1979       5     312      19    1539     134    7286       8      97     509     204      55     745   17502     718    3610    3901     536
    1979       6     176      16     406     101    5959       6      77     424     174      42     586    7583     534    2745    2822     373
    1979       7     392      39     350      94    5371       6      76     329     141      42     447    4592     439    2267    2287     336
    1979       8     235      45     486     150    4763       7      76     271     123      48     356    3457     384    1949    1995     329
    1979       9     115      35     859     195    5892       8      85     281     119      63     361    3501     427    2034    1981     323
    1979      10     785     104    1639     187    5751       6      68     224     110      50     332    3705     417    1992    2018     356
    1979      11     469      59    1590     174    6572      15     115     403     230      79     524    5336     723    3305    3197     490
    1979      12     464      68    1105     255    9175      18     208     511     210      87     602    6345    1051    3333    3309     451
    1980       1     152      26     627     258   14977      14     307    1596     451     117    2698   16285    2682    6347    6072     795
    1980       2     113      16     569     490   17562      29     215    1852     324     117    6163   36439    2274    9918    9827    1907
    1980       3     235      17     929     321   13464      14     168     792     181      83    2568   51539     789   10490   11431    1030
    1980       4      97      12     439     221   11052      10     215     822     278      91    1634   36165    1180    4684    4781     620
    1980       5     174      36     405     141    7884       6     108     529     163      53     877   17883     543    3388    3794     437
    1980       6      85      17     330     136    6437       6      99     408     142      55     623    8320     488    2359    2423     377
    1980       7     310      22     952     155    5978       5      83     338     120      44     489    5175     401    2220    2244     342
    1980       8     764      37     955     130    4737       6      71     251     100      45     382    3892     330    1875    1911     308
    1980       9     425      38    1580     138    4865       6      63     224      90      43     375    3328     280    1669    1693     351
    1980      10     407      34     833     117    4846       9      61     213      89      55     358    3477     232    1808    1802     363
    1980      11     323      39     605      99    5851      10     141     422     148      56     656    4642     600    2380    2227     561
    1980      12     657      33    1033     157   10939      11     238     958     265      78    1541   11201    1145    4856    4524     682
    1981       1     224      24    1341     338   14138      13     349    1480     248     120    1946   22414    1383    5974    5911     697
    1981       2     334      26     679     170   11164       7     195     743     123      66    1069   24988     659    4916    5412     562
    1981       3     106      13     287     127    9026       8     185     697     232      85    1475   21461     913    3817    4765    1017
    1981       4     130      13     262     124    8436      10     141     690     164      96    1555   27661     588    5781    6273     965
    1981       5      89      11     217     122    6148       5     100     451     114      58     803   15823     387    2728    3003     431
    1981       6     127      17     182     117    5981       5      90     381      99      53     611    7534     371    2026    2071     364
    1981       7     132      12     119     107    4531       6      71     285      73      48     463    4610     253    1637    1692     321
    1981       8     111      10     149      89    4243       5      70     222      71      44     365    3441     252    1509    1515     303
    1981       9     363      25     221      65    3537       5      55     167      58      35     293    2900     177    1342    1419     268
    1981      10     252      16     539     151    5727       7      91     267     134      44     519    2956     607    1960    1779     366
    1981      11     164      15     602     168    9787       6     169     891     355      63    1168    6470    1849    4448    4042     597
    1981      12     166      19     853     184   13143       8     280    1063     306      89     892   11513    2036    6170    6218     474
    1982       1     103      10     330     159   15703      11     302    1516     519     103    3330   21499    2877    6811    6804    1014
    1982       2     127      10     544     312   16370       9     231    1040     230      77    1900   33360    1783    7990    8041     728
    1982       3     108       9     368     188   19052      10     356    1629     445     106    1878   31241    2504    7135    7650     805
    1982       4      56       7     182     119   14568       8     231    1034     249      78    1288   29053    1455    6885    7206     658
    1982       5      48       9     193     108    9418       6     139     674     183      56     851   18438     758    3678    4334     391
    1982       6     435      20     719     275    8984       8     120     529     164      67     648    9028     561    2536    2771     319
    1982       7     513      33    1846     322    8069       6      91     418     135      50     523    5053     451    2131    2159     307
    1982       8     272      40     657     157    6328       6      79     304     116      56     428    3606     352    1765    1815     291
    1982       9     176      37     342     123    5595       8      62     258      98      44     396    3190     319    1586    1666     292
    1982      10     790      71    1088     267    7600      11     111     284      91      66     472    3621     492    1618    1700     312
    1982      11     873     103    2165     432    8415       7     119     281     105      68     497    3935     460    1481    1737     318
    1982      12     352      40    1477     730   13336      15     245     443     147     119     569    4312    1049    1701    1880     373
    1983       1     283      23     790     707   22795      10     493    1623     466     123    1726    9122    3009    5072    4737     593
    1983       2     440      28     817     534   26596      12     389    2329     341     123    4278   28332    3744    7258    7691     836
    1983       3     483      32    1238     440   20786      14     436    1454     303     109    1908   24823    2382    9245    9721     758
    1983       4     317      41     683     428   16647      15     332    1141     230     132    1488   26687    2095    6550    7417     534
    1983       5     784     108    2010     602   13015      12     218     701     164     106     870   13118    1287    4189    4915     346
    1983       6     639      63    2169    1552   17548      18     332     545     135     152     629    6212    1062    2510    2797     305
    1983       7    1807     136    5150     587   10374       8     194     449     112      85     471    3890     747    2070    2151     282
    1983       8     916      90    1658     349    7802       7     131     371      95      71     372    3031     487    1748    1981     259
    1983       9     381      50    1158     512    9601      15     279     366     101     132     337    2588     531    1441    1538     255
    1983      10     244      46    1332     408   11155      12     223     476     190      92     419    2826     957    2050    1961     298
    1983      11     279      46     739     340   11775       8     271     708     200      85     651    4269    1631    3720    3801     360
    1983      12     139      20     588     337   14959      11     396    1297     376     117    1412    9160    2496    5827    5818     616
    1984       1     262      32     434     357   15497       9     313     845     173     102    1028   12848    1422    6328    6728     497
    1984       2     317      32     255     220   11948       7     175     506     122      56     718   13656     719    2999    3363     540
    1984       3     201      19     354     149    9540       7     134     450     144      63     897   15888     653    2686    2840     728
    1984       4     154      27     417     185    9922       7     122     590     152      76    1008   23821     623    3469    4230     897
    1984       5     304      97     631     234    8376       6     118     330      91      69     531   16580     394    1773    2138     420
    1984       6     645      65    1102     129    5996       5      85     233      71      45     383    6326     304    1328    1478     308
    1984       7     605      92     601     108    5128       5      72     207      68      43     299    3600     212    1158    1308     264
    1984       8     840      79    1747     136    5263       6      67     191      70      48     250    2694     189    1059    1174     237
    1984       9     407      62     779     168    5686       6      76     249      84      44     268    2593     351    1270    1383     270
    1984      10     466      70     595     134    5092       5      63     180      98      38     378    2531     329    1314    1494     293
    1984      11     347      36    1037     126    5159       5      81     227     110      44     354    3545     415    1691    1838     314
    1984      12     206      20     645     243    9657       7     169     522     295      53     505    4800    1297    3888    3731     384
    1985       1      59      11     274     186   13246      14     424    1210     707     170    2695   13594    2545    5566    5808    1006
    1985       2     327      21     595     180   15651      12     351     909     340     162    2126   30504    2243    7789    8448    1308
    1985       3     235      22     392     305   15613      13     298     952     371     167    1527   29618    2117    6701    7612    1069
    1985       4     219      40     781     189   11826      14     154     582     204     148    1263   35024     979    5015    7766    1668
    1985       5     243      53     296     165    8348       9     115     373     176      93     717   24771     656    2432    3451     747
    1985       6     172      40     179     113    6676       7      95     268     146      67     527    9763     467    1773    2083     541
    1985       7     195      48     191     107    5783       4      78     228     136      54     413    4790     384    1423    1664     419
    1985       8     285      88     110      85    4987       5      68     220     114      47     325    3158     333    1259    1478     368
    1985       9     287      62     183     102    4764       6      72     212     104      53     270    2469     355    1235    1430     344
    1985      10     198      32     143      61    4377       4      71     220     113      43     378    3514     396    1636    1798     452
    1985      11     165      17     256      73    5588       4     119     292     133      44     507    5979     608    2148    2287     540
    1985      12      43      11      82      63    6184       5     183     548     257      58    1539   12165     790    3265    3491    1126
    1986       1      81       9     166      99   10445       5     271    1075     434      62    1886   29459    2172    6332    6020    1127
    1986       2      86      10     430     236   10156       8     242     867     203     124    1507   27188    1606    7556    7886    1009
    1986       3      56      16     433     258   10521      15     230     593     117     129    1112   29813     876    4732    5402    1125
    1986       4     319      43     390     127    7424      10     128     388     105      72     714   25953     541    2140    2638     825
    1986       5     169      30     405     155    6524       8     113     309      97      63     532   16524     444    1753    1912     606
    1986       6     261      30     346      97    5188       5      87     230      85      44     393    7415     337    1283    1429     456
    1986       7     209      31     144      83    4552       7      84     228      73      57     316    4179     322    1230    1329     394
    1986       8     210      39     276     166    5058       6      89     212      75      55     281    2985     331    1230    1312     350
    1986       9     351      28     438     114    4255       6      60     141      60      49     232    2685     193    1128    1249     320
    1986      10     324      26     512     107    3882       5      51     147      56      43     297    3807     110    1056    1061     455
    1986      11     457      67     570     127    4272      10      62     154      73      60     314    4636     225    1117    1198     438
    1986      12     230      37     903     359    8238      13     251     492     165     144     505    5715     861    1872    1855     500
    1987       1     308      30     848     328   12202      15     239     612     131     134     696    8857    1360    3150    3271     556
    1987       2     270      26     773     482   14522      11     220     444      75     132     611   10240     826    2606    2779     455
    1987       3      65      16     277     189   11541       9     207     441     129      82     996   19172     619    2604    2711     877
    1987       4     495      60     311     172    9277      10     170     454     164     120     710   20524     799    2759    3126     730
    1987       5     934      72    1814     334    8067      13     117     243      80     108     462   10156     371    1701    1879     471
    1987       6     441      48    1386     610    7136      12      96     175      68     101     317    4676     290    1159    1260     343
    1987       7     523     102     666     293    5358       7      78     126      55      67     232    2890     237    1071    1160     306
    1987       8     605      55     439     176    4308       7      65     113      43      55     180    2374     168     840     926     287
    1987       9     333      47     321     177    4437       7      82     134      52      59     165    2049     178     800     920     272
    1987      10     670      40     544     184    5219       7      72     173      64      61     238    2284     245     920    1014     320
    1987      11     147      27     344     170    6487       6     102     287     126      45     458    3278     335    1325    1431     421
    1987      12     110      17     229     174   10238       6     257     897     367      50    1260    8311    1252    3709    3434     547
    1988       1     154      21     287     211   10683      10     230     654     259      90     978   14198     863    5163    5588     558
    1988       2     185      21     410     274   12799      18     293     846     249     159    1304   16394    1575    3829    3712     570
    1988       3      86      14     417     329   14720      10     230     813     152     115    1982   25150     963    4116    4653    1012
    1988       4     237      21     265     223   10573      12     137     565     130      89    1053   26624     513    2843    3594     774
    1988       5     484      21    1580     300    7916      12     113     353      91      92     606   17987     321    1852    2241     471
    1988       6     383      27    1229     390    7200      10      96     281      75      78     474    7293     246    1173    1317     354
    1988       7     182      19     401     179    5146       7      76     215      64      52     345    3973     164    1033    1109     305
    1988       8      56      15     179     139    4451       6      64     199      57      45     268    2887     166     979    1128     282
    1988       9     510      59     216     137    3959       5      57     197      47      52     219    2379     136     767    1106     246
    1988      10     202      33     439     177    4884       7      90     261      65      65     351    2503     276     989    1101     301
    1988      11      84      24     312     199    6182       5     104     334     116      65     469    4468     319    1566    1719     371
    1988      12      82      15     197     189    7144       6     130     629     262      74     874   10681     644    2619    2510     676
    1989       1     298      29     824     654   13206       8     255     624     147     107     928   14562     737    3601    3893     505
    1989       2     351      19    1259     499   14588      10     231     710     134     158     833   16130     813    2715    2655     558
    1989       3     134      15     690     427   12561       6     255     602     161     126     725   21284     770    3018    3193     831
    1989       4     226      17     705     278    8738       7     149     350      75      94     514   26042     297    1672    2010     864
    1989       5     291      15     940     204    6523       8     102     229      61      72     377   19500     218    1142    1404     609
    1989       6      78      14     280     183    5709       7      96     234      73      76     279    7647     194    1030    1080     396
    1989       7     431      55     459     252    5087      10      78     214      61      78     227    4438     136    1013    1068     329
    1989       8     298      40     898     454    5505       6      70     189      56      65     198    3255     145     858    1016     300
    1989       9    1110     119    1736     291    5288       7      69     176      50      61     207    2789     151     893     940     295
    1989      10     328      57     714     207    4187       6      69     174      88      48     282    2867     216     996     980     347
    1989      11      94      28     322     229    5826       6      81     478     177      51     624    5780     497    1883    1699     526
    1989      12      67      17     201     211   11641       6     175    1410     388      71    3823   18684    1193    5073    6032    1063
    1990       1     426      31    1490     980   18097      10     211     952     137      66    2322   34638    1172    9467    9620     825
    1990       2     297      24     943     437    8799       5     107     558      96      48    1392   23317     569    3681    4363     676
    1990       3     224      22     512     365    9363       7     180     523      86      75    1285   28219     525    3101    3313     743
    1990       4     472      49     847     242    7988       9     110     351      73      69     878   22082     329    1975    2301     569
    1990       5     479      56     934     199    6787       8      85     314      70      52     658   12244     266    1359    1425     396
    1990       6     880     103    1781     163    4998       5      64     216      51      37     467    6018     179    1060    1122     320
    1990       7     315      59    1137     268    4840       8      61     222      64      45     387    3971     173    1130    1144     310
    1990       8     169      31    1498     215    4445       6      54     189      52      42     298    2779     134     987    1081     260
    1990       9     461      88    1565     268    5107       9      62     202      67      47     330    2791     165     968    1073     274
    1990      10     797      77    1396     230    5356       7      56     233      57      59     335    3007     153     984    1189     344
    1990      11     456      62    1222     215    5156       5      58     202     108      46     393    3610     278    1355    1411     373
    1990      12     155      32     571     188    5592       6      89     212      93      38     480    5112     282    1617    1618     408
    1991       1     109      19     253     224    9720      17     282     618     290      99    1039   11900    1817    3742    3282     883
    1991       2      96      14     311     756   15009      10     220     761     236     105    1161   16990    1636    5138    5432     618
    1991       3      42      11     275     647   13977      19     197    1226     265     139    1724   20761    1389    4639    4932     668
    1991       4      44      10     279     424   15719      15     208    1049     154     107    1499   27720    1300    5139    5481     691
    1991       5      44       9     203     297    9336      10     121     479     110      71     690   21105     540    2340    2727     433
    1991       6     281      28     689     262    6644      10      86     340      87      59     481    8940     359    1470    1613     321
    1991       7     204      23     564     224    5650       6      79     261      69      51     362    4150     273    1222    1287     295
    1991       8     311      19     476     170    4659       6      68     230      64      42     281    3039     215    1125    1173     261
    1991       9      91      15     177     135    3989       7      63     231      69      47     248    2510     242    1031    1108     252
    1991      10     390      22     634     342    5816       9      89     267      76      75     295    2636     367    1323    1425     251
    1991      11     380      12     535     187    4763       5      83     320     211      40     408    3625     442    2095    1949     391
    1991      12     468      21     585     300    7045       6     124     583     164      47     604    6600     602    3057    3271     389
    1992       1     240      17     357     158   11110      10     436    1190     568      89    1458   10608    2043    4651    4733     689
    1992       2     321      18     396     234   16751       6     323    2177     582      67    3235   32634    3606    9244    9134    1018
    1992       3     137      24     626     451   11496       7     188    1020     240      65    1363   24316    1328   12915   13912     413
    1992       4     267      23     512     389   10645       6     136     782     199      51    1198   23288     847    3754    4732     457
    1992       5    1010      83    1452     368    9892       6     117     548     154      59     716   14035     641    2614    3050     331
    1992       6     523      72    2845     210    6276       5      84     382     123      34     514    6200     394    1765    1971     267
    1992       7     596      62    1363     176    5218       6      78     305     112      40     401    3540     324    1444    1574     245
    1992       8     680      49    1143     151    4530       4      64     244      98      38     318    2705     275    1283    1450     230
    1992       9     551      47     628     232    5862       6      94     279     102      52     325    2684     344    1384    1465     238
    1992      10     166      35     468     229    7028       6     109     395     148      53     488    2863     497    1860    1925     236
    1992      11     263      31     509     283    9273      10     155     909     362      85     947    4915    1358    4269    4069     386
    1992      12      86      21     334     365   10236       9     125    1120     391      86    2153   12159    1495    4814    5068     548
    1993       1     142      26     320     374    9211       8     160     844     341      70    1494   15817    1164    5840    6090     428
    1993       2     235      20     833     714   14062       7     234    1195     235     116    1705   17706    1452    4644    4734     577
    1993       3     186      20     791     425   12415       9     213     740     145     113    1131   20617     992    3943    4405     474
    1993       4     174      22     493     326   10543       7     134     632     167      73     784   17662     805    2590    2746     427
    1993       5     341      41    1006     225    6876       6      97     388     120      51     547   10832     421    1801    1965     332
    1993       6     326      60     722     271    6598       6      97     334     102      55     417    4773     381    1439    1486     253
    1993       7    1161      66     710     175    4815       5      71     242      83      41     323    3092     270    1245    1302     230
    1993       8     190      31     391     158    4577       4      61     245      77      35     274    2417     237    1105    1279     214
    1993       9     344      27     911     265    4882       7      62     211      71      61     267    2294     248     981    1130     227
    1993      10     325      30    2194     284    5545       6      78     184      76      53     299    2663     290    1214    1295     255
    1993      11     139      46     396     191    4371       5      73     217      77      29     273    3462     292    1180    1372     292
    1993      12     364      61     568     178    7500       6     112     614     180      44     848    6030     659    2046    1897     380
    1994       1     150      26     236     247   13783       6     261    1109     265      63    1228   16167    2301    5366    5144     496
    1994       2     532      49     820     452   12311       8     125     561      96      81     949   22095     681    4689    5145     521
    1994       3     306      25     510     293   12555      10     145    1163     254     103    2157   30618    1483    4993    4887     742
    1994       4     224      43     389     233    9538      10     106     624     139      81    1233   28050     649    4521    5396     607
    1994       5     557      42     795     164    6797       5     138     408     101      61     636   15118     538    2154    2376     340
    1994       6     452      58    1064     152    5577       6      86     318      73      51     482    7106     344    1470    1718     306
    1994       7     516      79    1337     132    4864       5      73     266      64      44     380    4392     296    1378    1430     265
    1994       8     161      35     535     105    4068       4      58     241      52      30     288    3010     230    1081    1175     224
    1994       9     108      33     224      84    3451       4      45     179      44      31     224    2475     194    1022    1197     204
    1994      10     409      60     342     134    3418       5      52     176      41      39     233    2506     209     782     933     216
    1994      11     339      50     772     152    5007       6      73     321     114      51     437    2916     358     989     992     321
    1994      12     226      39     433     235    7275      10     163     646     193      70     759    7580     762    3062    3097     465
    1995       1     454      55    2148     562   10122      10     151     543      77      75    1049   14567     488    2872    3105     628
    1995       2     228      14    1415     588   18944      23     329    1149     165     205    1431   22495    1316    3220    2995     574
    1995       3     134      11     683     334   12229      11     147     623     110      98     991   23183     867    2837    3237     567
    1995       4      65       5     299     371   10219       7     107     514     131      65    1313   26856     580    2587    2838     770
    1995       5      49       7     174     249    7609       8      79     491      78      59     750   23639     411    1731    1893     540
    1995       6     158      19     304     196    5470       7      60     309      60      50     497   11789     272    1188    1490     345
    1995       7     333      28    1097     212    4918       6      53     254      47      52     371    4972     250    1087    1122     289
    1995       8     295      19     267     144    3890       5      42     212      38      42     277    3380     172     851    1012     243
    1995       9     253      20     480     149    3410       7      43     189      33      39     224    2424     127     672     811     214
    1995      10     345      64    1045     288    4773       9      77     182      46      88     251    2512     245     895     955     225
    1995      11     121       9     452     223    4874       8      85     258     138      71     415    4335     528    1651    1697     350
    1995      12     189       3     307     180    6069      13     125     453     315      75    1076    9727    1187    3244    3122     479
    1996       1     359      24    1085     347   11465      14     228     591     211     148     977   15655    1486    4478    4729     541
    1996       2     310      47    1399     359    8434      21     189     343     110     268     682   14471     639    2180    2457     467
    1996       3     246      12    1370     693   11579      18     184     440     100     210     849   17929     659    2234    2200     603
    1996       4     212      10    1086     342    7660      10     111     301      92     116     645   19985     408    1593    1986     546
    1996       5      57       6     249     203    5814      12      85     238      69      89     436   14106     283    1184    1382     409
    1996       6     276      16     659     175    4513       7      66     177      55      69     315    5952     197     934    1079     299
    1996       7     463      45    1327     149    4049       6      58     130      47      60     242    3685     165     785     903     265
    1996       8     437      73     593     141    3660       5      57      98      44      54     205    2670      80     668     710     223
    1996       9     509      47     897     237    4515      10      93     117      47      78     171    2029     190     699     688     189
    1996      10     341      53    1389     237    4015       7      81      86      48      60     263    2603     204     730     824     263
    1996      11     229      25    1034     177    6708       6     194     367     270      72     426    4456    1097    1702    1550     427
    1996      12     134       7     787     271    9133      10     244     488     244      86     483    6223    1272    3317    3457     356
    1997       1     224       7    1069     863   18334      13     449    1104     396     134    1481   14595    3503    6202    5991     737
    1997       2     680       2    1781     831   16522       6     246     553     145      74     939   20543    1173    4622    5241     493
    1997       3     156       2     885     343   10983       5     212     666     319      66    2204   29163    1375    4461    4323     913
    1997       4      47       4     248     234    8651       5     149     634     197      58    1768   38026     946    4053    4612     812
    1997       5      34       3     237     194    6762       6     112     409     123      51     868   26919     575    2438    2708     533
    1997       6     184       2     678     279    8615       6     109     332     107      57     595   10800     562    1747    1804     334
    1997       7     412      13     688     235    5602       4      79     255      88      43     448    5855     404    1294    1394     274
    1997       8     689      87    1056     190    4322       5      65     191      75      35     323    3769     358    1197    1260     253
    1997       9     266      25     546     194    3970       6      64     168      71      46     321    3065     254    1047    1113     242
    1997      10    1074     171    2362     239    4386       6      64     147      80      49     338    3003     338    1052    1153     275
    1997      11     948     236    2296     345    6258       9     113     243     102      75     394    3521     428    1343    1318     271
    1997      12     245      44    1134     371   10766       7     150     678     307      65     708    6356    1637    3446    3033     408
    1998       1     389     115    1370     355    8518       8     157     547     224      92     865   10514    1240    3343    3574     456
    1998       2     954     194    1153     405   11226      13     186     620     225     115    1164   13700    1241    3360    3346     396
    1998       3     519      77    1407     846   12301      11     142     447     139      94     856   18788     770    3096    3341     437
    1998       4     619     101    2418     434    9306       9      97     306     100      62     447   12956     511    1536    1686     309
    1998       5     484     101    1587     301    6923       9      86     284      89      61     286    7242     457    1122    1252     289
    1998       6     332      67     458     238    5558       5      73     223      81      41     204    3772     379     950     983     227
    1998       7     414      71    1088     216    4198       6      55     167      66      35     162    2843     256     838     851     211
    1998       8     772     171    1818     227    4579       5      55     153      59      33     107    1779     248     751     787     190
    1998       9     687      80    1963     282    4040       8      41      99      44      54     137    1795     196     620     719     179
    1998      10     276      60    2679     472    5834       9      70     107      62      76     148    1950     262     704     710     202
    1998      11      95      46     660     234    5852       6      80     234     211      53     614    3622     681    1994    1843     345
    1998      12      92      37     545     326    8487       7     109     444     190      59     879    7645     698    3241    3204     416
    1999       1      79       6     519     584   14482      15     251     473     191     134     689   12080     907    3013    3196     456
    1999       2     116       7     814     693   11908      11     185     313      97     131     576   12000     600    1827    1957     420
    1999       3      84       4     632     482   13605      11     213     859     198      92     884   19483    1637    4212    3892     620
    1999       4     247      11     654     289    7900       7     110     333      89      73     330   15886     533    2245    2714     329
    1999       5     107      11     325     224    5893       5      76     232      68      50     215   12523     343    1201    1336     339
    1999       6     201      21     770     212    5397       7      72     178      58      55     145    4978     216     874     933     241
    1999       7     502      45    1620     237    4501       6      58     134      53      46     111    3168     193     787     797     208
    1999       8     141      28     268     139    3700       5      45      99      44      32      97    2180     106     663     697     188
    1999       9     106      15     385     206    3955       6      42      82      37      41     131    1928     104     695     782     203
    1999      10     390      35    1151     152    3103       5      41     112      41      36     159    2173     133     570     619     207
    1999      11     179       7     388     117    4247       4      59     254     149      40     621    4132     608    1601    1480     418
    1999      12     109      14     299     138    6073       4     170     353     209      57    1375   10716     759    2990    3224     695
    2000       1     135      13     445     214   11537      12     299     703     224     128    1806   21775    1069    4169    4364     737
    2000       2     141       5     669     274   15010      15     229     988     272     104    1724   24716    2131    5271    5092     862
    2000       3     222      10     743     234   14577      15     182     975     276      90    1766   31339    1451    4455    4530     801
    2000       4     121      10     231     156    9183       7     119     516     132      75     856   27064     688    3316    3789     675
    2000       5     188       9     219     107    6222       3      84     314      93      46     459   17942     419    1730    1855     413
    2000       6     157      22     269     103    5347       3      69     235      62      40     339    6389     310    1188    1243     302
    2000       7     443      56     490     104    4768       3      64     193      55      40     266    4077     239     930     964     285
    2000       8     216      28     342     108    4705       4      54     158      47      41     206    2993     166     923    1018     241
    2000       9     799      55    1863     257    6154       5      84     200      63      56     223    2560     240     918     934     225
    2000      10     842     123    1420     126    3855       4      58      93      42      37     164    2660     112     703     852     211
    2000      11     175      63     477     177    5925       7     105     302     188      69     699    4661     570    1823    1654     328
    2000      12     143      21     425     254    9405       9     147     623     219      93    1328   11910     915    3655    3616     678
    2001       1     396      33     979     261    8686       4     133     444     155      76     810   14410     741    3158    3553     374
    2001       2     503      54    1596     459    8530       5     110     272      69      97     600   15222     322    1695    1826     447
    2001       3     279      25     942     323    8018       5      95     388      92      74     979   19585     445    1719    1767     683
    2001       4     322      31     443     186    6495       3      80     263      60      47     553   20827     215    1096    1377     468
    2001       5     512      50     585     213    5218       4      55     193      46      47     322   10342     158     845     862     363
    2001       6     337      30     740     222    4676       3      44     142      42      34     208    5617     138     824     850     269
    2001       7     535      42     882     194    3999       4      38     111      37      36     176    3404     117     645     685     240
    2001       8     157      13     780     173    3380       3      34      85      35      35     120    2425     111     632     631     205
    2001       9     410      42     637     165    3592       4      39      95      35      45     144    1867     119     659     668     218
    2001      10     624     116    1872     282    4506       5      55     145      56      48     315    2453     199     714     737     240
    2001      11     194      31     562     159    5806       5      85     283     161      41     599    4228     428    1201    1135     324
    2001      12     232      32     682     431    8659       8     139     511     221      64     981   10002     796    2187    2147     411
    2002       1     137      23     677     529   12969      18     188     817     414     111    2084   28259    1329    4440    5244    1549
    2002       2      74      24     543     415   16121      16     195    1098     464     114    1741   27856    1808    4761    4766     635
    2002       3      91      27     399     282   11996       8     158     698     169      66    1036   23157     961    3516    3671     495
    2002       4      70      34     229     203    7679       6      89     415     108      50     652   21996     428    2234    2362     545
    2002       5     177      56     528     221    6155       5      72     295      80      47     405   10766     304    1074    1110     350
    2002       6     618     117     276     143    4951       6      57     227      65      40     300    5139     233     883     894     284
    2002       7     338      71     189     138    4606       3      52     181      57      38     239    2927     187     851     847     245
    2002       8     438      78     537     161    3981       3      46     131      48      34     163    2027     112     644     662     217
    2002       9     507      93     866     129    4065       4      48     140      77      34     168    1791     159     506     501     225
    2002      10     579     115     892      99    3024       5      37      84      52      24     139    2051      86     665     672     202
    2002      11     467      91    1088     198    4690       8      92     123     160      59     329    3059     345     936     909     275
    2002      12     409      98    1084     242    6542      11     172     318     248      85     608    4424     860    1871    1783     362
    2003       1     164      50     547     330   12549       9     310    1149     573      98    1197   10368    1656    4118    4087     503
    2003       2     235      36     652     507   14283       5     211     674     159      60    1056   16389    1178    4387    4574     509
    2003       3     159      31     602     366   10860      10     147     665     157      66    1140   22076     883    2737    2720     723
    2003       4      77      27     229     293   10030       5      90     565     118      42     919   24613     488    2604    2712     501
    2003       5     184      25     142     207    6289       4      78     325      75      33     425   13714     327    1374    1406     360
    2003       6     231      31     491     190    5429       3      68     271      70      28     293    5853     249     983     998     287
    2003       7     189      55     454     184    4422       3      58     222      58      28     206    3231     218     890     896     234
    2003       8      68      26     189     132    3856       4      47     191      50      25     135    2279     169     747     755     215
    2003       9      56      12     168     126    3585       4      43     184      51      26     167    1759     151     680     687     201
    2003      10     200      26     304     118    3591       7      56     155      55      45     139    1796     101     506     507     189
    2003      11     179      17     504     168    4723       9      67     227      74      45     283    3525     220     843     823     257
    2003      12     535      77    1056     193    7376       8     139     348     145      46     340    5404     718    1611    1582     295
    2004       1     261      25     727     441    8930       9     144     794     347      76    1292   12393    1288    3233    3017     791
    2004       2     111      25     351     670   13700      12     211    1409     352     102    2998   34547    1791    5002    4910    1286
    2004       3     111       5     289     317   13763       9     182    1148     233      75    1870   36962    1838    6786    6771     864
    2004       4     201       5     256     291   10386       8     166     970     332      76    1326   33531    1050    5329    5422     520
    2004       5     279      28     602     259    8130       7     106     518     133      57     671   18083     477    2737    2941     359
    2004       6     120      33     753     260    7170       9      91     357     104      62     448    6992     394    1493    1526     293
    2004       7     441      29     759     256    5637       7      76     286      97      61     321    4075     332    1304    1316     263
    2004       8     109       9     296     152    4338       5      62     240      75      38     230    2872     261    1010    1027     238
    2004       9     556      21     312     116    3480       5      51     215      61      32     201    2292     195     899     905     202
    2004      10     331      17     978     202    4632       6      64     179      56      43     252    2395     196     889     883     268
    2004      11     207      25    1015     195    5370       7      92     210      67      48     330    3541     210    1063    1044     247
    2004      12     108       6     486     233    8303      10     184     525     329      58     497    5879    1009    1841    1734     384
    2005       1      95      10     467     510   15167      11     254    1030     280     120     993    9982    1721    4123    4052     564
    2005       2      66       5     251     426   13098       7     208     762     259      99    1359   19684    1247    4915    4988     779
    2005       3     126       6     182     308   11639      11     176    1042     482      74    1605   28336    1617    4807    4912     985
    2005       4     267      19     293     210    8522      10     114     541     167     117     797   23957     635    4044    4277     684
    2005       5     576      45     593     235    6805      10     119     374     136      74     449   16628     552    2133    2276     496
    2005       6     445      93     852     222    6698       7      93     297     109      51     298    6488     397    1463    1480     333
    2005       7     337      43     552     174    5008       6      84     246      93      48     236    3526     304    1185    1198     274
    2005       8     424      37     461     134    4013       5      65     228      77      36     188    2217     256     975     986     252
    2005       9     834      44    2036     204    4046       7      64     184      73      51     137    1794     244     984     981     227
    2005      10    1027     156    1957     276    4100       8      65     121      60      57     109    1923     184     923     938     198
    2005      11     247      43    1083     249    5103       7     106     376     241      65     403    2646     718    1402    1306     318
    2005      12      82      19     332     263   12673      12     176    1302     345      77    1237    8956    1562    4442    4265     409
    2006       1     169      11     284     278   10958       7     129     800     108      68     692   15822     774    4388    4545     362
    2006       2      94       5     294     374   12149      11     153     694     119     132     792   16088     712    2412    2405     494
    2006       3      54       5     292     292   14227      13     150    1019     267      75    1216   20294    1338    3631    3514     605
    2006       4      26       4     257     291   12165      10      86     831     128      57    1036   31883     689    4132    4368    1132
    2006       5      36       5      95     143    7226       7      68     464      85      46     473   25535     379    2229    2349     512
    2006       6      65      14      80     132    5931       5      60     339      75      40     309    9152     289    1297    1323     338
    2006       7     183      25      95     176    5214       5      53     300      62      38     228    4245     252    1072    1083     285
    2006       8     340      28     132     119    4500       5      45     260      52      30     195    2645     213    1022    1021     255
    2006       9     136      28     352     159    4545       5      54     255      57      35     169    2142     225     976     979     284
    2006      10      85      22     428     147    6037       6      69     416      97      42     419    2739     410    1382    1305     341
    2006      11     271      41     332     109    5957       7     112     500     253      76     629    5558     656    2696    2673     359
    2006      12     196      17     466     267   12221       7     170    1234     513     100     872    7044    2393    4062    3889     361
    2007       1     106       8     564     557   22358      10     363    1991     342     105    1163    9397    3022    5905    5832     428
    2007       2     189       7     612     364   21445       8     274    2154     294      69    2427   23071    2456    6947    7242     930
    2007       3     312       8     681     271   11798       5     132     920     124      49     978   26294     814    6765    7118     564
    2007       4     143       7     618     150    8166       7     100     597     115      42     642   20865     591    2547    2652     472
    2007       5     489      42    1516     137    6798       5      81     410      88      41     389   10671     413    1482    1558     365
    2007       6     134      16     686     122    5986       4      70     331      74      37     265    4699     331    1302    1299     292
    2007       7     713      80     376     201    5470       5      59     289      67      50     224    2795     276     995    1007     249
    2007       8     324      39     255     135    4835       3      54     253      57      28     165    2003     221     996    1001     231
    2007       9     507      84     218      77    3343       3      42     226      48      21     129    1575     172     727     744     207
    2007      10     350      60     458      92    3244       5      50     186      46      43     102    1592     143     573     596     209
    2007      11     356      33    1034     172    5341       6      83     218      63      65     310    2023     257     614     615     243
    2007      12     148      13     715     226    6512       7      88     339     123      52     550    4188     649    1588    1528     417
    2008       1     107       9     690     308    8550       8     113     391     120      61     605    6935     934    1933    1972     430
    2008       2     111       5     422     372   15058       8     221     891     186     120    1224   15206    2251    4021    3907     580
    2008       3      97       5     399     238   15181       6     194     925     162      99    1800   22341    1530    4465    4594     876
    2008       4     149       9     488     246   12621       9     141     685     114      98    1102   26222    1142    3964    4953     891
    2008       5     290      13     838     310    8654       5      88     396      71      59     484   18014     531    1901    2021     446
    2008       6     247      27     647     214    6752       5      75     290      52      52     332    6431     388    1127    1146     318
    2008       7     165      17     393     139    5397       3      60     235      45      34     241    3309     294     928     935     274
    2008       8     188      29     669     195    4776       5      51     199      37      43     172    2149     238     843     851     241
    2008       9     337      24     397     132    3798       4      53     168      44      36     107    1616     256     669     674     233
    2008      10     854      93    1356     209    4592       4      68     146      56      51      97    1613     213     729     742     208
    2008      11     482      73    1329     158    5106       5     119     178     160      80     402    2498     447     945     853     279
    2008      12     119      30     287     127    6600       6     257     551     350      88    1271    8195    1607    2303    2223     476
    2009       1     157      11     351     254   10945       9     254     787     456     107    1224   11590    2022    5409    5393     440
    2009       2     106      15     401     410   14730       8     267     803     273     138    1120   16510    1983    5072    5051     519
    2009       3     157       5     306     234   10906       6     223     594     169      97     820   20368    1350    3542    3668     505
    2009       4      30       6     128     151   10738       5     177     699     206      78    1300   24776    1404    4254    4440     801
    2009       5      37       8     147     142    6789       4     115     422     109      56     636   29984     632    2410    2634    1016
    2009       6      56       9     197     133    5913       4      93     335      89      50     409   12842     453    1492    1540     444
    2009       7     324      38     711     376    5471       6      90     282      75      63     283    5295     381    1236    1248     342
    2009       8     648     105    1047     307    5155       6      75     214      64      49     222    2994     305     976     985     280
    2009       9    1445     181    1647     459    6523       6      88     231      68      51     239    2500     325    1019    1020     261
    2009      10     503      62    2218     476    6436      13     125     278     157      92     537    3111     463    1393    1335     369
    2009      11     493      74     865     460    7190       7     123     396     155      76     728    6061     456    2534    2536     339
    2009      12     214      67     931     706   13850      21     272     712     250     192    1271    9674    1059    2730    2641     459
    2010       1     440      73    1238     727   16645      23     297     730     139     262    1428   18033     845    3459    3538     517
    2010       2     636      37    1181     909   13855      13     179     406      72     122     747   18685     402    1939    1929     494
    2010       3     222       9     866     417   12634      10     248     570     198     140    1036   19012    1002    2642    2607     568
    2010       4     532      30    1651     525   10387      26     151     497     129     131     749   24275     492    2701    2846     639
    2010       5     744      33    2089     306    6617       9     109     268      86      74     290   10400     324    1289    1298     350
    2010       6     351      41     785     225    5710       5      89     216      67      61     222    4778     252    1025    1047     298
    2010       7     416      53     800     210    4894       6      81     164      57      72     181    2793     186     815     833     253
    2010       8     301      23     707     167    3881       3      63     130      46      45     146    1985     118     690     698     235
    2010       9     363      60     220     121    3733       3      56      95      41      44     105    1579     114     683     684     217
    2010      10     219      24     485     174    5454       6      77     122      57      48     211    1892     274     831     828     269
    2010      11     177      15     427     145    6084       7     179     464     123      54     652    3524     777    1794    1705     335
    2010      12     217      29    1563     374    8513      11     292     595     223     112    1157    7061    1084    3086    3118     381
    2011       1     313      14    1089     473   16233      14     525    1276     263     137    2433   14158    1685    4656    4503     491
    2011       2     646      16    1791     435   11046       6     187     476      74      90    1321   21170     505    2947    3241     685
    2011       3     390      42     972     375   21903      14     237    1573     279     167    2110   29990    2218    4010    3797     942
    2011       4     224      46     842     231   13428      11     150     740     132     126    1145   28933    1059    5080    5291     566
    2011       5     215      31     258     152    8575       7     121     406      77      71     583   20938     496    1881    2014     414
    2011       6     369      60     358     161    7192       6     101     329      64      62     421    7093     379    1232    1255     311
    2011       7     836     148    1443     141    5787       4      83     262      55      49     322    3956     305    1036    1071     278
    2011       8    1185     114    2219     157    4809       5      68     214      47      47     186    2458     226     804     815     247
    2011       9     548      34    2038     115    3909       4      61     145      39      40     124    1713     153     737     742     205
    2011      10     241      16     951     316    5214       6      84     249     102      54     315    2580     251     973     910     292
    2011      11     106       7     565     216    5502       7      93     239     279      48     685    5563     379    1272    1269     382
    2011      12     101      11     307     173    8095       9     289     935     492      74    1371   10613    1766    3635    3412     417
    2012       1     286       6     611     333   14991      13     382    1359     552     108    2182   20809    2796    5948    5892     470
    2012       2     211       4     479     305   11065       6     233     779     183      66    1472   25759    1062    5205    5401     586
    2012       3      70       4     367     211    8253       5     152     539     163      67     960   24424     690    2120    2191     592
    2012       4      21       4     434     164    7311       6     106     472     127      59     634   16864     575    2114    2191     430
    2012       5      13       2     732     198    6980       5     108     350     134      58     383    8721     413    1251    1259     339
    2012       6     166       6    1773     464    8005       7     102     332      94      71     324    5017     415    1221    1238     280
    2012       7     305      21     840     346    5837       5      78     232      75      52     221    3078     275     904     935     247
    2012       8     140       9     704     187    4007       3      61     182      70      35     130    1846     206     755     762     228
    2012       9     256      28     197     146    3631       3      52     165      56      27     152    1588     174     653     659     210
    2012      10     284      43     337     154    3531       6      58     143      53      33     250    1718     146     554     559     210
    2012      11      64       9     370     142    4909       6      92     398     222      35     564    3347     497    1559    1398     403
    2012      12     101      17     254     189    6344      11     127     367     138      76     585    7612     330    2143    2280     509
    2013       1     158      15     640     290    9446      15     342     544     167     158    1393   10249     651    1662    1528     792
    2013       2     209      12     540     299   12583      11     257     658     159     123    1143   19272    1059    3586    3634     550
    2013       3     371      29     866     351   10411      15     183     534     115     112     921   19329     596    1762    1832     578
    2013       4     131      38     528     349   11508      11     149     688     149      77     873   23273     679    2857    2734     556
    2013       5      72      31     317     194    6364       7      98     321      77      54     410   16107     284    1383    1567     388
    2013       6     287      45    1552     323    7751       7      88     301      79      49     399    6547     324    1127    1134     303
    2013       7     231      35    1709     392    5623       9      74     199      56      50     256    3733     200     843     859     254
    2013       8    1084      92     831     202    4238       6      65     142      45      35     173    2327     142     755     764     235
    2013       9     662      62    1104     210    3812       6      61     118      42      36     118    1846     127     605     615     218
    2013      10     324      46    1045     266    5091       8      77     182      63      45     224    1998     197     671     654     231
    2013      11     176      39     360     208    4814       9      89     248      89      54     314    3806     277     903     843     376
    2013      12     152      24     366     179    7581      11     179     726     471      86    1114    8064     945    2842    2506     514
    2014       1     229      36     823     187    6160       9      82     420     140      70     745   16035     369    3420    3768     358
    2014       2     192      35     360     162    4868       7      57     294      62      29     831   21054     151    1280    1384     563
    2014       3     368      44     939     197    7682       9      63     399      85      49    1233   28162     200    1304    1286     570
    2014       4     320      27     432     161    7101      12      57     484      77      50    1047   24994     226    1738    1760     486
    2014       5     465      44     470     125    4763       8      40     251      48      35     531   15733     124    1009    1102     376
    2014       6    1295      83    3098     207    4156       7      37     180      44      29     324    6486     100     695     714     285
    2014       7     382      62     861     127    3654       6      34     144      38      28     230    3440      94     767     767     237
    2014       8     200      34     384     113    3501       7      32     123      35      27     147    2214      94     679     714     205
    2014       9     459      74     782     133    2966       8      26      88      26      27     127    1842      58     634     675     197
    2014      10     566      85    1147     102    2436       7      24      51      39      22     126    1885      48     427     529     193
    2014      11     204      47     557     150    3839       6      56     204      98      27     375    3289     171     770     773     301
    2014      12     267      49     596     229    7901       9      69     533     141      34     853    6854     506    2210    2111     404
